78,338
78,194
78,47
78,218
78,208
78,337
78,217
78,204
78,216
78,83
78,215
78,212
78,336
78,263
78,260
78,335
78,262
78,261
78,334
78,333
78,214
78,202
78,213
78,332
78,30
78,331
78,209
78,330
78,211
78,201
78,259
78,329
78,328
78,327
78,257
78,326
78,210
78,200
78,258
78,325
78,324
78,323
78,206
78,322
78,207
78,81
78,321
78,256
78,320
78,191
78,100
78,190
78,189
78,101
78,188
78,187
78,205
78,186
78,185
78,203
78,90
78,184
78,99
78,183
78,182
78,97
78,181
78,180
78,98
78,179
78,178
78,177
78,176
78,175
78,197
78,96
78,174
78,199
78,76
78,173
78,94
78,198
78,67
78,172
78,171
78,193
78,95
78,170
78,169
78,196
78,70
78,168
78,195
78,78
78,91
78,167
78,166
78,93
78,165
78,164
78,89
78,163
78,162
78,92
78,161
78,160
78,192
78,55
78,159
78,158
78,157
78,87
78,156
78,84
78,155
78,88
78,154
78,153
78,152
78,80
78,151
78,150
78,86
78,62
78,149
78,85
78,25
78,148
78,75
78,82
78,48
78,147
78,77
78,79
78,46
78,146
78,145
78,144
78,143
78,74
78,142
78,141
78,73
78,140
78,69
78,139
78,138
78,71
78,137
78,136
78,135
78,72
78,35
78,134
78,68
78,133
78,132
78,131
78,57
78,130
78,129
78,63
78,128
78,66
78,65
78,64
78,53
78,61
78,60
78,59
78,58
78,38
78,56
78,54
